2 0.545823 0.171632 0.120790 0.128886
0 0.515220 0.260039 0.037565 0.086140
4 0.571891 0.468750 0.082254 0.074806
4 0.501943 0.744009 0.119819 0.146697
2 0.901231 0.746114 0.069301 0.172280
2 0.794365 0.367228 0.105570 0.066062
2 0.556671 0.934909 0.053756 0.030440
2 0.705635 0.643944 0.028497 0.034003
2 0.548899 0.409974 0.053756 0.023316
2 0.774773 0.570434 0.054728 0.067681
0 0.445110 0.303271 0.088407 0.047604
0 0.499190 0.336626 0.035298 0.060557
0 0.482513 0.356218 0.043394 0.020078
0 0.505991 0.369495 0.029469 0.033031
0 0.580311 0.333225 0.092617 0.060233
0 0.562986 0.292746 0.043070 0.020078
0 0.479922 0.244495 0.056347 0.040803
2 0.570110 0.067681 0.065091 0.085492
2 0.532707 0.021373 0.029793 0.042098
2 0.400421 0.031412 0.029469 0.015544
0 0.467778 0.405926 0.050194 0.059909
0 0.427299 0.439767 0.027526 0.041451
4 0.576911 0.537403 0.061852 0.069624
4 0.507448 0.544851 0.065415 0.076749
4 0.521049 0.594722 0.129534 0.125324
4 0.667584 0.752753 0.138925 0.081930
4 0.645402 0.689605 0.087435 0.065091
4 0.654469 0.657545 0.082254 0.078044
4 0.583063 0.842778 0.116904 0.128562
4 0.556671 0.975065 0.065415 0.049870
4 0.598122 0.943329 0.060233 0.058290
4 0.634715 0.894592 0.075777 0.072215
4 0.679404 0.949806 0.097798 0.099093
4 0.666613 0.833063 0.063148 0.057966
4 0.568005 0.703692 0.109456 0.061528
4 0.599579 0.690415 0.065091 0.086788
4 0.432157 0.710006 0.070272 0.046308
4 0.447377 0.689605 0.070272 0.084521
