2 0.818653 0.114961 0.362694 0.229275
2 0.505667 0.069786 0.129858 0.135687
0 0.770240 0.339054 0.060557 0.080311
0 0.859942 0.454825 0.170013 0.180376
2 0.836626 0.724417 0.326749 0.222798
2 0.375486 0.818491 0.159003 0.120790
0 0.093102 0.627753 0.087111 0.037241
1 0.159488 0.693653 0.060557 0.077720
2 0.074320 0.680376 0.135039 0.052461
0 0.274935 0.746924 0.063472 0.100712
0 0.555861 0.643620 0.058614 0.254858
0 0.417746 0.636010 0.195596 0.139896
0 0.431347 0.482513 0.162565 0.191710
0 0.503238 0.301975 0.119171 0.051490
0 0.273640 0.380343 0.178756 0.157060
0 0.168718 0.353951 0.194948 0.250000
0 0.221179 0.201911 0.095207 0.054728
2 0.129858 0.159165 0.057642 0.116904
0 0.074320 0.395563 0.039184 0.056671
0 0.209845 0.416613 0.044041 0.039184
0 0.178756 0.467940 0.057642 0.056995
0 0.261334 0.497733 0.103627 0.106218
0 0.306509 0.587111 0.057966 0.051813
1 0.183290 0.682804 0.110751 0.048899
2 0.614961 0.184747 0.044689 0.045013
2 0.599093 0.211949 0.037565 0.021697
0 0.765868 0.447539 0.065415 0.040155
0 0.720045 0.575939 0.098769 0.076101
0 0.778821 0.572377 0.029793 0.042422
2 0.585168 0.548089 0.025259 0.036593
2 0.566062 0.506962 0.044689 0.019754
2 0.646211 0.694301 0.013277 0.040155
2 0.568653 0.442034 0.064119 0.068005
0 0.501943 0.485913 0.066710 0.041127
2 0.745304 0.849417 0.064443 0.047280
2 0.748219 0.794689 0.058614 0.026554
0 0.865123 0.559262 0.032707 0.025907
2 0.922442 0.583711 0.021697 0.036593
2 0.949968 0.418880 0.043070 0.024935
2 0.908841 0.319139 0.036593 0.034650
2 0.876943 0.338892 0.036269 0.024935
2 0.936852 0.334845 0.039508 0.014249
2 0.660298 0.315091 0.020725 0.040155
2 0.775259 0.261496 0.018782 0.036593
2 0.660298 0.395402 0.073834 0.016839
2 0.296308 0.019268 0.034326 0.037889
2 0.212921 0.123543 0.043718 0.035946
2 0.306833 0.140706 0.064443 0.050194
2 0.289184 0.275745 0.049223 0.038536
0 0.326911 0.278012 0.037241 0.043070
2 0.369171 0.304890 0.042098 0.008744
4 0.360427 0.267649 0.031088 0.041775
2 0.025583 0.089378 0.038860 0.014249
2 0.025097 0.024126 0.037241 0.047604
2 0.036593 0.275421 0.072539 0.024935
0 0.022021 0.345369 0.043394 0.083225
2 0.024935 0.434585 0.049223 0.034974
2 0.056995 0.438472 0.051166 0.007772
2 0.068005 0.513925 0.048575 0.035622
2 0.085492 0.545175 0.019430 0.042422
2 0.027688 0.599903 0.054728 0.227008
1 0.164832 0.768297 0.053109 0.035946
1 0.162727 0.716159 0.048899 0.034650
3 0.096988 0.686367 0.040479 0.022345
2 0.270402 0.656412 0.069301 0.064119
2 0.259553 0.697863 0.017163 0.071244
1 0.185557 0.591483 0.031736 0.038536
2 0.153983 0.574968 0.031412 0.017811
2 0.235913 0.605408 0.023640 0.017163
0 0.325291 0.695920 0.043070 0.025259
0 0.469560 0.725551 0.063472 0.074806
0 0.340997 0.736885 0.027202 0.029469
0 0.525583 0.402688 0.031736 0.053433
0 0.496600 0.356865 0.015868 0.015544
2 0.421308 0.310395 0.019430 0.060557
2 0.382124 0.368847 0.046632 0.024611
0 0.384553 0.323510 0.045013 0.043394
2 0.376457 0.354760 0.009391 0.022345
2 0.330473 0.234294 0.032707 0.039832
2 0.437824 0.242228 0.095207 0.049870
2 0.624838 0.105246 0.046308 0.051813
