1 0.597474 0.586626 0.375000 0.432319
1 0.518620 0.936367 0.118199 0.105246
1 0.863504 0.509715 0.053433 0.123057
1 0.512144 0.278983 0.234780 0.092293
1 0.276554 0.286269 0.168394 0.071244
2 0.221826 0.113990 0.097798 0.086788
1 0.340997 0.515544 0.181995 0.202073
1 0.466321 0.597150 0.161917 0.185233
1 0.274288 0.718912 0.126295 0.133420
2 0.177461 0.674547 0.050518 0.082254
2 0.074158 0.941062 0.060233 0.090674
2 0.136658 0.918394 0.040155 0.041451
2 0.176490 0.887306 0.036917 0.063472
2 0.624676 0.944948 0.083549 0.045337
2 0.814443 0.962111 0.074482 0.055052
2 0.776554 0.827073 0.121762 0.042746
1 0.693005 0.413860 0.076425 0.138601
