0 0.401069 0.453368 0.049547 0.062824
0 0.379048 0.544689 0.028174 0.047927
0 0.145887 0.834359 0.055376 0.050842
2 0.056023 0.941872 0.111399 0.116256
2 0.150097 0.969883 0.071567 0.060233
2 0.269592 0.967131 0.067034 0.065738
2 0.243523 0.901554 0.036917 0.095855
2 0.281898 0.870628 0.083225 0.030764
2 0.538051 0.943815 0.154469 0.061205
2 0.398640 0.916937 0.117228 0.103951
2 0.536917 0.849903 0.069948 0.037241
2 0.600712 0.972312 0.047927 0.055376
2 0.689281 0.809747 0.074158 0.048899
2 0.774611 0.899288 0.066710 0.046632
2 0.791937 0.826911 0.040479 0.079339
2 0.658031 0.849255 0.068005 0.023640
2 0.714864 0.880991 0.034003 0.033355
0 0.712597 0.899773 0.043718 0.035298
0 0.649935 0.672442 0.030440 0.049547
2 0.621114 0.656088 0.051166 0.033679
0 0.657869 0.512468 0.032060 0.023640
0 0.796632 0.243361 0.160622 0.094883
0 0.742552 0.315900 0.053109 0.050842
0 0.870466 0.323834 0.075777 0.091969
2 0.912079 0.423899 0.036593 0.036269
2 0.884877 0.373219 0.040479 0.077396
2 0.966969 0.458225 0.066062 0.049223
2 0.905602 0.551004 0.060557 0.034650
0 0.617228 0.308938 0.036269 0.056995
2 0.616256 0.353303 0.200130 0.155440
2 0.722960 0.416289 0.217940 0.148640
4 0.158517 0.596665 0.156412 0.147345
0 0.128400 0.890706 0.025583 0.037889
2 0.928271 0.080635 0.028821 0.024611
2 0.961949 0.337921 0.075453 0.015868
2 0.977817 0.302785 0.044365 0.031088
4 0.862370 0.657222 0.156088 0.124028
2 0.930052 0.860589 0.115933 0.105894
2 0.853789 0.914994 0.057966 0.050194
2 0.838245 0.867876 0.029469 0.053109
0 0.742876 0.508905 0.030440 0.044365
2 0.590026 0.568491 0.033679 0.049547
2 0.014896 0.627915 0.029145 0.009715
2 0.043070 0.685881 0.018782 0.048575
2 0.009553 0.730732 0.018459 0.024288
4 0.781898 0.762468 0.085816 0.088407
4 0.729113 0.714378 0.062500 0.053109
0 0.677137 0.659326 0.027202 0.027202
4 0.680376 0.595693 0.131477 0.087111
4 0.718102 0.556671 0.056023 0.083549
0 0.664832 0.484456 0.028497 0.034974
4 0.817681 0.547604 0.125000 0.135363
4 0.775583 0.631801 0.113990 0.078368
0 0.447863 0.390382 0.048575 0.035946
0 0.358161 0.429242 0.038212 0.048251
0 0.392325 0.397506 0.044365 0.021697
0 0.335978 0.382610 0.056671 0.027526
0 0.310233 0.410460 0.048575 0.041127
0 0.411269 0.528497 0.047280 0.034974
0 0.335006 0.515544 0.049547 0.035622
4 0.181833 0.704987 0.260687 0.102332
4 0.376781 0.715512 0.057966 0.061205
4 0.289022 0.631639 0.056671 0.048899
4 0.377267 0.628238 0.061528 0.066062
4 0.337759 0.718912 0.066062 0.096503
4 0.349255 0.805052 0.085168 0.094560
4 0.260039 0.773154 0.134067 0.076101
4 0.136982 0.775259 0.110104 0.090026
4 0.089216 0.812338 0.043718 0.056671
0 0.047604 0.772506 0.072539 0.030117
4 0.267487 0.676004 0.090026 0.066386
