1 0.364961 0.365285 0.230570 0.239637
1 0.126295 0.474093 0.251943 0.207254
1 0.798899 0.167098 0.102332 0.093264
1 0.555052 0.928109 0.165155 0.143782
1 0.334521 0.744657 0.126943 0.138925
1 0.839216 0.675680 0.218588 0.315738
1 0.913698 0.445758 0.147345 0.124676
1 0.598608 0.500486 0.166127 0.136334
2 0.202720 0.043232 0.172280 0.085816
2 0.057804 0.110104 0.084521 0.027202
2 0.048899 0.012630 0.097150 0.024611
1 0.039022 0.318977 0.048899 0.042098
1 0.190738 0.672118 0.033679 0.035298
3 0.224579 0.792746 0.043718 0.043394
1 0.308290 0.655117 0.045984 0.027202
2 0.652850 0.710654 0.115285 0.127915
3 0.755343 0.947053 0.071567 0.072215
2 0.827234 0.906898 0.097474 0.122085
2 0.818005 0.774611 0.065415 0.069948
2 0.703206 0.760525 0.102008 0.102008
1 0.658517 0.980894 0.061852 0.038212
2 0.961788 0.905440 0.076425 0.051813
2 0.966645 0.593264 0.066710 0.132124
1 0.938310 0.175518 0.122733 0.105570
1 0.687500 0.562662 0.100389 0.087111
1 0.592940 0.322377 0.112047 0.209521
2 0.470693 0.269106 0.094236 0.027202
2 0.198834 0.232999 0.056347 0.046956
2 0.276554 0.166289 0.036917 0.063148
1 0.404793 0.163374 0.199482 0.133096
2 0.586464 0.096179 0.130829 0.022668
2 0.019592 0.364152 0.038536 0.054728
2 0.216483 0.620790 0.075453 0.061528
1 0.304728 0.588245 0.033031 0.030117
2 0.218264 0.672280 0.022668 0.150907
