1 0.343750 0.783355 0.182319 0.115933
1 0.515382 0.935557 0.092293 0.106865
1 0.515220 0.140706 0.149611 0.153174
1 0.426166 0.336626 0.125648 0.138277
2 0.368847 0.119171 0.149611 0.158679
2 0.269916 0.225874 0.083873 0.092940
2 0.124514 0.322539 0.122085 0.064119
2 0.243847 0.530117 0.080959 0.049870
2 0.660946 0.887791 0.112047 0.150583
2 0.563795 0.963083 0.041451 0.052461
2 0.556833 0.849417 0.031412 0.101036
2 0.837435 0.950777 0.046632 0.097150
1 0.300032 0.672280 0.114961 0.167098
1 0.559424 0.733970 0.193329 0.134391
1 0.577882 0.520078 0.171956 0.178109
1 0.424709 0.575291 0.096179 0.133744
1 0.459683 0.543070 0.129210 0.073187
1 0.432481 0.473284 0.158355 0.105246
