2 0.264249 0.063795 0.088731 0.126943
2 0.497409 0.359132 0.249352 0.395078
0 0.530440 0.789832 0.192358 0.148316
2 0.902364 0.774773 0.166127 0.111723
2 0.822215 0.153497 0.126943 0.233808
2 0.231218 0.138925 0.042746 0.091321
2 0.103627 0.453854 0.016192 0.050842
2 0.034488 0.475227 0.044365 0.034003
2 0.063795 0.713892 0.025259 0.044365
0 0.517811 0.680699 0.041451 0.052461
0 0.511658 0.628238 0.042098 0.046632
0 0.473931 0.636010 0.036593 0.019430
0 0.401554 0.633420 0.078368 0.164508
0 0.361237 0.785784 0.080635 0.144106
0 0.254048 0.702073 0.173899 0.108161
0 0.219560 0.928433 0.058938 0.102332
0 0.297766 0.870304 0.098769 0.098122
0 0.336788 0.562176 0.109456 0.095855
