2 0.659003 0.138925 0.101036 0.082902
2 0.702396 0.055376 0.100389 0.080959
2 0.600874 0.036108 0.054080 0.071567
0 0.631315 0.419365 0.074806 0.056347
0 0.371114 0.354760 0.128886 0.062500
4 0.414184 0.819786 0.122409 0.127267
2 0.617390 0.558614 0.219883 0.065415
2 0.757772 0.943491 0.083549 0.113018
2 0.836788 0.915317 0.066710 0.048251
2 0.884067 0.667098 0.060881 0.075130
2 0.843588 0.727494 0.026554 0.050194
2 0.814605 0.410622 0.360427 0.365933
2 0.814767 0.077073 0.038860 0.123705
2 0.832740 0.200939 0.078044 0.109132
0 0.433452 0.221988 0.082578 0.062500
2 0.730732 0.832740 0.046956 0.048899
2 0.593102 0.747247 0.039184 0.068977
4 0.517001 0.700291 0.190091 0.166775
4 0.398154 0.690415 0.066386 0.132124
4 0.412889 0.594722 0.116580 0.089702
4 0.532060 0.636658 0.058938 0.112047
0 0.554404 0.498543 0.051813 0.056671
0 0.551652 0.433452 0.059909 0.032060
0 0.593588 0.465188 0.023964 0.039832
0 0.597636 0.354275 0.065091 0.079663
0 0.371924 0.456930 0.071567 0.075777
0 0.455473 0.428918 0.046308 0.094236
0 0.459683 0.332578 0.034650 0.083549
0 0.422280 0.390544 0.031736 0.013601
0 0.517001 0.334197 0.062500 0.075777
