1 0.278335 0.324806 0.214702 0.219560
1 0.285622 0.611399 0.210492 0.204663
1 0.268459 0.709359 0.140544 0.059262
1 0.136820 0.922442 0.125972 0.103303
1 0.720531 0.486075 0.263601 0.261010
1 0.874352 0.594236 0.076425 0.077073
1 0.938472 0.663860 0.090674 0.064767
2 0.713083 0.738666 0.177461 0.117228
2 0.456930 0.785298 0.093912 0.056347
2 0.072215 0.426813 0.139249 0.189119
2 0.419527 0.029955 0.092940 0.059262
2 0.105408 0.104760 0.091645 0.045661
1 0.874028 0.373057 0.102979 0.148964
2 0.919689 0.554080 0.086788 0.021373
2 0.726198 0.557157 0.054728 0.014573
2 0.707902 0.217131 0.108808 0.052137
3 0.582416 0.048413 0.057966 0.037889
2 0.632772 0.025745 0.054404 0.012630
1 0.400745 0.294365 0.133744 0.129534
1 0.479598 0.207416 0.191062 0.107837
2 0.454501 0.100065 0.034003 0.084197
2 0.190576 0.088245 0.034003 0.101360
2 0.363504 0.157707 0.086464 0.055052
1 0.251781 0.468102 0.118847 0.125324
1 0.372085 0.791937 0.092617 0.075453
1 0.324968 0.840188 0.076101 0.053433
2 0.207740 0.787889 0.125972 0.039508
2 0.344074 0.950615 0.083225 0.056023
2 0.460654 0.871762 0.047604 0.051813
2 0.564767 0.840026 0.068005 0.038860
1 0.534488 0.702396 0.117552 0.143782
1 0.314929 0.735266 0.062500 0.068977
1 0.716969 0.625486 0.121762 0.111723
1 0.484294 0.506801 0.186852 0.175518
