2 0.061690 0.167260 0.030117 0.109780
2 0.063633 0.034974 0.084521 0.047927
2 0.268459 0.045337 0.076425 0.077073
2 0.162241 0.032869 0.116580 0.065091
0 0.409165 0.634877 0.042422 0.068977
0 0.424709 0.787241 0.088407 0.081606
2 0.279955 0.945758 0.142163 0.108484
0 0.671956 0.160136 0.083549 0.061852
2 0.947863 0.042584 0.104275 0.084521
2 0.780602 0.201101 0.070272 0.093912
2 0.817196 0.316224 0.066386 0.045661
2 0.734294 0.270563 0.034650 0.063795
4 0.612047 0.450453 0.230570 0.225389
0 0.043232 0.913698 0.057319 0.038536
2 0.104113 0.964054 0.207578 0.071891
2 0.068977 0.843426 0.137306 0.028821
2 0.079016 0.749028 0.063472 0.082902
2 0.347312 0.109456 0.054728 0.148316
0 0.505019 0.064605 0.035946 0.050842
2 0.191548 0.107675 0.382448 0.214702
2 0.547766 0.611723 0.054728 0.141192
2 0.511172 0.698348 0.063148 0.039184
2 0.673089 0.745952 0.079987 0.018459
2 0.629696 0.691548 0.030764 0.023640
2 0.582416 0.707578 0.014573 0.029793
2 0.984780 0.197539 0.025907 0.025259
2 0.844560 0.234618 0.057642 0.046956
2 0.733323 0.315415 0.037241 0.154145
2 0.490771 0.052623 0.017163 0.104598
4 0.183452 0.276554 0.153174 0.139896
4 0.337759 0.362370 0.278497 0.206606
4 0.271373 0.582578 0.071244 0.075130
2 0.029793 0.342131 0.058938 0.039184
2 0.104437 0.360266 0.010687 0.056023
2 0.176652 0.508744 0.035298 0.023964
2 0.268135 0.491256 0.011010 0.047927
2 0.010039 0.462273 0.019430 0.022992
2 0.068977 0.593264 0.042098 0.020078
2 0.147345 0.648964 0.015544 0.045337
2 0.193005 0.653012 0.026554 0.037241
2 0.017001 0.643297 0.033355 0.032060
2 0.094074 0.944139 0.045013 0.111723
0 0.411917 0.887630 0.065415 0.050518
0 0.465512 0.869657 0.029469 0.045661
2 0.720855 0.804728 0.019430 0.031736
2 0.731541 0.008582 0.057642 0.016516
0 0.018135 0.917098 0.025907 0.049870
0 0.030117 0.867876 0.034974 0.047927
0 0.554566 0.835492 0.096826 0.049870
0 0.500324 0.781412 0.044689 0.079016
0 0.575615 0.770563 0.059909 0.070272
0 0.475712 0.850065 0.057642 0.056347
0 0.540641 0.778174 0.036593 0.057642
0 0.477008 0.649773 0.051166 0.064443
0 0.372409 0.674870 0.070596 0.044689
0 0.431347 0.679404 0.030440 0.020078
4 0.282060 0.530278 0.067358 0.039184
4 0.607027 0.273802 0.200453 0.152526
4 0.658193 0.394430 0.192681 0.113342
4 0.440576 0.486399 0.086464 0.068653
4 0.342293 0.502753 0.051813 0.056671
4 0.413536 0.253400 0.108161 0.085816
4 0.321244 0.274935 0.102979 0.104275
0 0.679890 0.181995 0.052137 0.022021
0 0.509877 0.139573 0.084521 0.048575
4 0.540155 0.190253 0.157383 0.066386
4 0.577558 0.153012 0.085816 0.094236
4 0.582254 0.113342 0.066710 0.077720