1 0.645887 0.318005 0.186852 0.187176
1 0.385363 0.767487 0.110104 0.128238
1 0.153983 0.854922 0.094883 0.124352
1 0.208225 0.577720 0.065415 0.116580
2 0.026554 0.686852 0.045337 0.122409
2 0.211464 0.725065 0.114637 0.174223
2 0.476360 0.721503 0.020725 0.082902
2 0.480246 0.942034 0.086140 0.052461
2 0.403821 0.960816 0.029145 0.078368
1 0.039994 0.582254 0.079339 0.045337
2 0.197215 0.318815 0.037565 0.087759
2 0.098769 0.374190 0.091321 0.022345
2 0.394430 0.191710 0.097150 0.088083
2 0.497733 0.056185 0.115933 0.111723
1 0.604598 0.741256 0.042098 0.040803
2 0.061205 0.351846 0.023316 0.067681
2 0.230570 0.334845 0.017487 0.051166
2 0.216159 0.397345 0.018459 0.080959
2 0.199158 0.410784 0.077720 0.035946
1 0.387468 0.401069 0.104598 0.129210
1 0.493523 0.363180 0.101036 0.078692
1 0.326587 0.592940 0.165479 0.186528
1 0.613018 0.601684 0.121762 0.171632
1 0.579177 0.480084 0.087111 0.075453
1 0.546794 0.502429 0.030764 0.060557
1 0.699482 0.581606 0.039508 0.116580
1 0.749676 0.505343 0.064767 0.109780
2 0.490609 0.803595 0.026554 0.021049
2 0.457254 0.771049 0.047280 0.059585
2 0.488828 0.770563 0.015868 0.057966
2 0.466807 0.674870 0.024288 0.061528
