0 0.495142 0.479598 0.151554 0.090026
2 0.088407 0.332578 0.176166 0.143782
0 0.183614 0.725065 0.091321 0.149611
0 0.210006 0.437662 0.195920 0.069624
0 0.170013 0.443977 0.118523 0.108808
0 0.026392 0.432319 0.052137 0.086140
2 0.304080 0.405602 0.031736 0.094883
2 0.387630 0.274288 0.078368 0.035622
2 0.408355 0.123543 0.090026 0.190091
2 0.551975 0.233484 0.070272 0.046632
2 0.710978 0.272830 0.050194 0.150583
2 0.946244 0.273964 0.042746 0.075777
2 0.770725 0.162889 0.074482 0.125000
2 0.933776 0.070596 0.132448 0.140544
2 0.747733 0.083711 0.032383 0.116256
2 0.661593 0.047118 0.209197 0.093588
2 0.102332 0.024449 0.028497 0.048251
0 0.352817 0.503886 0.059262 0.049870
0 0.386010 0.437662 0.042746 0.111075
2 0.416289 0.394106 0.099417 0.029145
0 0.349579 0.605246 0.103303 0.096503
2 0.137953 0.942519 0.077720 0.114961
2 0.032383 0.797604 0.064119 0.036269
0 0.030764 0.947215 0.060881 0.105570
2 0.502915 0.872247 0.231218 0.255505
0 0.453368 0.744819 0.077720 0.086140
2 0.555538 0.725712 0.090997 0.068005
2 0.803756 0.945272 0.116580 0.099093
0 0.453692 0.590188 0.178109 0.120142
0 0.697701 0.635848 0.109132 0.084521
0 0.630667 0.597960 0.063795 0.039184
0 0.561690 0.593426 0.055376 0.049547
0 0.684909 0.498543 0.095855 0.045661
0 0.629534 0.407060 0.103627 0.181347
0 0.551166 0.372085 0.044689 0.085492
0 0.580959 0.356380 0.041451 0.095531
2 0.062014 0.208711 0.052137 0.104598
0 0.255505 0.618199 0.097150 0.103627
0 0.169041 0.548089 0.113990 0.067034
0 0.507772 0.722474 0.036269 0.049870
