1 0.746762 0.136172 0.288212 0.241256
1 0.576911 0.627915 0.273640 0.194301
2 0.128724 0.317034 0.151231 0.053756
2 0.069301 0.562176 0.137953 0.025907
2 0.106703 0.589054 0.053433 0.082254
2 0.239313 0.850551 0.115285 0.080635
1 0.293394 0.813310 0.068005 0.087759
2 0.028335 0.958873 0.054080 0.082254
2 0.181347 0.956444 0.038212 0.087111
1 0.298251 0.945110 0.113342 0.109780
1 0.493523 0.900907 0.182642 0.048575
2 0.554242 0.965350 0.089054 0.069301
2 0.618685 0.813148 0.206282 0.116580
0 0.466807 0.789022 0.100712 0.149288
1 0.239475 0.674870 0.063148 0.136010
0 0.326101 0.604437 0.236399 0.168718
0 0.354922 0.456768 0.119819 0.157707
0 0.618685 0.484132 0.212759 0.183938
2 0.973122 0.511820 0.051166 0.083225
2 0.771211 0.533031 0.032707 0.077720
1 0.838245 0.278983 0.150583 0.111723
4 0.136658 0.120466 0.147021 0.085492
1 0.506962 0.308290 0.138277 0.121114
1 0.588892 0.377105 0.055376 0.054080
