2 0.298251 0.079825 0.223446 0.159003
2 0.237370 0.255181 0.149611 0.050518
2 0.211788 0.214378 0.047927 0.071244
2 0.037727 0.357837 0.074806 0.045984
2 0.060719 0.250324 0.120790 0.073187
2 0.063472 0.334845 0.022021 0.072539
1 0.247733 0.801813 0.224741 0.224093
1 0.488990 0.727979 0.217617 0.209845
1 0.387953 0.654145 0.173575 0.168394
1 0.253238 0.650259 0.113990 0.098446
1 0.242228 0.519430 0.207254 0.194301
4 0.559909 0.462759 0.144430 0.057642
4 0.526878 0.369171 0.197539 0.174870
4 0.535622 0.237370 0.113990 0.149611
2 0.402526 0.184585 0.100389 0.080311

