4 0.273316 0.487694 0.224093 0.079663
0 0.451425 0.367390 0.047927 0.028174
0 0.450777 0.419527 0.069301 0.050194
2 0.434262 0.548575 0.181995 0.177461
2 0.425356 0.690900 0.314443 0.177137
2 0.461949 0.626295 0.225712 0.361399
2 0.237209 0.269268 0.162889 0.045013
2 0.147830 0.039508 0.072863 0.033679
0 0.036269 0.677623 0.062176 0.061852
0 0.721341 0.732837 0.153821 0.130181
0 0.607999 0.695110 0.070272 0.087111
2 0.817843 0.631477 0.265220 0.174223
0 0.971017 0.628886 0.057966 0.035622
0 0.665641 0.519754 0.041127 0.022668
0 0.647506 0.462759 0.032060 0.029145
0 0.741580 0.513115 0.029793 0.052785
0 0.805538 0.529955 0.034003 0.054080
4 0.848122 0.335330 0.125648 0.081282
2 0.686205 0.098608 0.073834 0.026878
2 0.557642 0.130667 0.042746 0.047604
2 0.464702 0.110266 0.063472 0.030117
2 0.976684 0.156088 0.046632 0.044689
2 0.921956 0.084683 0.033679 0.028821
2 0.592778 0.083063 0.014573 0.021697
2 0.647183 0.214702 0.062500 0.040155
2 0.766677 0.242228 0.016516 0.073834
2 0.567034 0.571891 0.071891 0.069948
4 0.273802 0.571567 0.117552 0.108161
4 0.200291 0.523640 0.184909 0.094560
4 0.087273 0.485427 0.147345 0.070596
4 0.090835 0.474903 0.065738 0.090997
4 0.184909 0.391354 0.088083 0.081930
4 0.275907 0.447701 0.042746 0.057966
2 0.331768 0.435395 0.056671 0.026231
4 0.216969 0.465512 0.058290 0.099417
0 0.495790 0.370304 0.027202 0.030764
0 0.488666 0.330635 0.031088 0.055052
0 0.526878 0.368361 0.041451 0.028174
0 0.468912 0.353789 0.031736 0.026231
0 0.454016 0.335978 0.027850 0.027526
0 0.524773 0.327396 0.056023 0.025907
0 0.520563 0.321891 0.011334 0.022021
0 0.669041 0.423575 0.023964 0.035622
0 0.653659 0.434100 0.019754 0.024935
0 0.684262 0.414022 0.016192 0.032060
0 0.752753 0.497409 0.032060 0.049223
0 0.666775 0.494657 0.029145 0.024935
0 0.701263 0.533517 0.021049 0.024935
0 0.701101 0.485266 0.050518 0.035946
0 0.797118 0.488504 0.035946 0.034003
0 0.747409 0.434100 0.035622 0.052137
0 0.729922 0.458711 0.036917 0.027526
0 0.717455 0.426975 0.033355 0.037241
4 0.863018 0.271211 0.071244 0.057966
4 0.784650 0.357513 0.051813 0.043394
4 0.785460 0.440415 0.079339 0.062824
4 0.814929 0.421632 0.040479 0.038860
4 0.950615 0.396049 0.094236 0.079663
4 0.884715 0.412079 0.109456 0.092940
2 0.914994 0.492714 0.151231 0.020402
2 0.816224 0.277688 0.027526 0.038536
2 0.910784 0.131153 0.026878 0.027202
2 0.803109 0.069624 0.036269 0.018135
2 0.888115 0.049709 0.045661 0.034650
2 0.631477 0.098769 0.037565 0.020725
2 0.603789 0.060071 0.015868 0.032060
2 0.590674 0.025259 0.025907 0.009715
2 0.580797 0.015544 0.012630 0.030440
2 0.570920 0.252591 0.093264 0.017487
2 0.722636 0.212759 0.011334 0.040155
2 0.682157 0.266677 0.062500 0.026231
2 0.405602 0.291613 0.047604 0.067681
2 0.434909 0.220207 0.040803 0.054404
2 0.439119 0.166775 0.024611 0.055699
2 0.528497 0.236561 0.048575 0.019106
2 0.046308 0.143297 0.031088 0.056671
2 0.151554 0.130991 0.064767 0.043718
2 0.297280 0.150421 0.038860 0.037889
2 0.043232 0.219560 0.049547 0.048575
2 0.088569 0.200939 0.034003 0.037241
2 0.051166 0.380019 0.041451 0.024288
2 0.021535 0.403174 0.042422 0.013601
2 0.267487 0.369981 0.064119 0.051490
2 0.199968 0.318005 0.078044 0.064119
2 0.036593 0.248381 0.049870 0.049223
